[Units]
UnitLengthMetres = 3.085677581491e+022   # Mpc
UnitTimeSeconds = 3.08567758148957E+019  # for km/s velocities
UnitMassKilogram = 1.988435e40           # 1e10 M_sol
UnitTemperatureKelvin = 1
UnitCurrentAmpere = 1

[Random]
Seed = 1001
